100 28 19 32 -24.971142186409 -24.971142186409 
100 28 19 32 -25.048722070846 -25.048722070846 
100 28 19 32 -25.057523570979 -25.057523570979 
100 28 19 32 -25.038739257679 -25.038739257679 
100 28 19 32 -25.010538077289 -25.010538077289 
100 28 19 32 -24.981698788416 -24.981698788416 
100 28 19 32 -24.956715471436 -24.956715471436 
100 28 19 32 -24.937569803092 -24.937569803092 
100 28 19 32 -24.924413107178 -24.924413107178 
100 28 19 32 -24.916196598829 -24.916196598829 
100 28 19 32 -24.911445372743 -24.911445372743 
100 28 19 32 -24.908850689976 -24.908850689976 
100 28 19 32 -24.907490387163 -24.907490387163 
100 28 19 32 -24.906797596574 -24.906797596574 
100 28 19 32 -24.906452061588 -24.906452061588 
100 28 19 32 -24.906282386899 -24.906282386899 
100 28 19 32 -24.906200082871 -24.906200082871 
100 28 19 32 -24.906160566073 -24.906160566073 
100 28 19 32 -24.906141756190 -24.906141756190 
100 28 19 32 -24.906132858687 -24.906132858687 
100 28 19 32 -24.906128654849 -24.906128654849 
100 28 19 32 -24.906126649064 -24.906126649064 
100 28 19 32 -24.906125661710 -24.906125661710 
