6.999999999999999556e-01 -1.501648893008479035e+01
9.000000000000000222e-01 -1.550955657614482419e+01
1.100000000000000089e+00 -1.568923322169185042e+01
1.300000000000000044e+00 -1.572580779336967893e+01
1.500000000000000000e+00 -1.569513972741226127e+01
1.699999999999999956e+00 -1.563279332080197825e+01
1.899999999999999911e+00 -1.555667811057226402e+01
2.100000000000000089e+00 -1.547660304453279778e+01
2.299999999999999822e+00 -1.539847026286722631e+01
2.500000000000000000e+00 -1.532614436404099756e+01
2.700000000000000178e+00 -1.526230639810663448e+01
2.899999999999999911e+00 -1.520885860244939458e+01
3.100000000000000089e+00 -1.516701676255626374e+01
3.299999999999999822e+00 -1.513696105142117432e+01
3.500000000000000000e+00 -1.511724815975832215e+01
3.700000000000000178e+00 -1.510511395707590765e+01
3.899999999999999911e+00 -1.509777201375620059e+01
4.099999999999999645e+00 -1.509321765914621771e+01
4.299999999999999822e+00 -1.509022508450657440e+01
4.500000000000000000e+00 -1.508810053786448613e+01
