6.999999999999999556e-01 -2.467397668516991160e+01
9.000000000000000222e-01 -2.492076905092872963e+01
1.100000000000000089e+00 -2.499503595646955389e+01
1.300000000000000044e+00 -2.499753802985284423e+01
1.500000000000000000e+00 -2.496933768125800768e+01
1.699999999999999956e+00 -2.492842920370308946e+01
1.899999999999999911e+00 -2.488348841907820841e+01
2.100000000000000089e+00 -2.483914724371974359e+01
2.299999999999999822e+00 -2.479800556274214784e+01
2.500000000000000000e+00 -2.476145880303892710e+01
2.700000000000000178e+00 -2.473009110164971958e+01
2.899999999999999911e+00 -2.470390671558724449e+01
3.100000000000000089e+00 -2.468251572117771175e+01
3.299999999999999822e+00 -2.466530353453899949e+01
3.500000000000000000e+00 -2.465157317362923806e+01
3.700000000000000178e+00 -2.464064676387368991e+01
3.899999999999999911e+00 -2.463192414858531620e+01
4.099999999999999645e+00 -2.462490633429803566e+01
4.299999999999999822e+00 -2.461919569214158088e+01
4.500000000000000000e+00 -2.461448410440060641e+01
4.700000000000000178e+00 -2.461053699011557327e+01
4.900000000000000355e+00 -2.460717763631398824e+01
5.099999999999999645e+00 -2.460427370506995004e+01
5.299999999999999822e+00 -2.460172635307936417e+01
