6.999999999999999556e-01 -7.534095666427231208e+01
9.000000000000000222e-01 -7.566207029781158155e+01
1.100000000000000089e+00 -7.565671896162297116e+01
1.300000000000000044e+00 -7.555214789520915986e+01
1.500000000000000000e+00 -7.542050319957397164e+01
1.699999999999999956e+00 -7.528932504001070924e+01
1.899999999999999911e+00 -7.517104868998129064e+01
2.100000000000000089e+00 -7.507741772382264855e+01
2.299999999999999822e+00 -7.502982827490571083e+01
2.500000000000000000e+00 -7.500712278074678352e+01
2.700000000000000178e+00 -7.499532721853171324e+01
2.899999999999999911e+00 -7.498836017514065588e+01
3.100000000000000089e+00 -7.498361986134844415e+01
3.299999999999999822e+00 -7.497998427948621725e+01
