5.000000000000000000e-01 -9.864317064886354558e+01
6.999999999999999556e-01 -9.935669437274432880e+01
9.000000000000000222e-01 -9.949761853992248462e+01
1.100000000000000089e+00 -9.948117427480407571e+01
1.300000000000000044e+00 -9.941755310856970596e+01
1.500000000000000000e+00 -9.934305605399030981e+01
1.699999999999999956e+00 -9.927215367416719971e+01
1.899999999999999911e+00 -9.921097910849476875e+01
2.100000000000000089e+00 -9.916135822940503886e+01
2.299999999999999822e+00 -9.912268235890124402e+01
2.500000000000000000e+00 -9.909324044999659975e+01
2.700000000000000178e+00 -9.907108160360067473e+01
2.899999999999999911e+00 -9.905443274041667223e+01
3.100000000000000089e+00 -9.904183977771269554e+01
3.299999999999999822e+00 -9.903217917515060265e+01
3.500000000000000000e+00 -9.902461836185537436e+01
3.700000000000000178e+00 -9.901856011940374458e+01
3.899999999999999911e+00 -9.901358627831717740e+01
4.099999999999999645e+00 -9.900940803806030033e+01
4.299999999999999822e+00 -9.900582626613319803e+01
4.500000000000000000e+00 -9.900270231617392369e+01
