225 69 41 32 -15.045852788940 -15.045852788940 0.000000000000 
225 69 41 32 -15.534728377783 -15.534728377783 0.000000000000 
225 69 41 32 -15.716509910086 -15.716509910086 0.000000000000 
225 69 41 32 -15.759358740523 -15.759358740523 0.000000000000 
225 69 41 32 -15.738889380648 -15.738889380648 0.000000000000 
225 69 41 32 -15.691299545622 -15.691299545622 0.000000000000 
225 69 41 32 -15.635560770673 -15.635560770673 0.000000000000 
225 69 41 32 -15.582794157048 -15.582655776162 0.000145176642 
225 69 41 32 -15.540439803580 -15.540224137583 0.000207827175 
225 69 41 32 -15.513514501910 -15.512356918186 0.001289690025 
225 69 41 32 -15.501616492772 -15.499322568137 0.002718972077 
225 69 41 32 -15.498054681628 -15.497369243868 0.000801972296 
225 69 41 32 -15.497353828745 -15.496109045335 0.001343367260 
225 69 41 32 -15.497386670250 -15.496508094836 0.001000237584 
225 69 41 32 -15.497537385205 -15.496986394435 0.000628236074 
225 69 41 32 -15.497660753514 -15.497247826392 0.000458851971 
225 69 41 32 -15.497739942409 -15.497564551419 0.000177778209 
225 69 41 32 -15.497786005147 -15.497728180716 0.000072314423 
225 69 41 32 -15.497811389613 -15.497783622291 0.000033667364 
225 69 41 32 -15.497824872034 -15.497812851561 0.000017081893 
