100 28 19 16 -24.723968417114 -24.723879628749 0.000047216828 
100 28 19 16 -24.971142186409 -24.971050378972 0.000055333867 
100 28 19 16 -25.048722070846 -25.048666985683 0.000039089904 
100 28 19 16 -25.057523570979 -25.057476255255 0.000038475573 
100 28 19 16 -25.038739257679 -25.038690050778 0.000046699922 
100 28 19 16 -25.010538077289 -25.010510917434 0.000020259960 
100 28 19 16 -24.981698788416 -24.981644846077 0.000047624717 
100 28 19 16 -24.956715471436 -24.956442067181 0.000264917712 
100 28 19 16 -24.937569803092 -24.937423765974 0.000246686264 
100 28 19 16 -24.924413107178 -24.924383313220 0.000047064565 
100 28 19 16 -24.916196598829 -24.916191152348 0.000008190144 
100 28 19 16 -24.911445372743 -24.911444388718 0.000001377039 
100 28 19 16 -24.908850689976 -24.908850478775 0.000000249096 
100 28 19 16 -24.907490387163 -24.907490321837 0.000000058561 
100 28 19 16 -24.906797596574 -24.906797568322 0.000000020835 
100 28 19 16 -24.906452061588 -24.906452047004 0.000000010438 
100 28 19 16 -24.906282386899 -24.906282378635 0.000000006327 
100 28 19 16 -24.906200082871 -24.906200077841 0.000000004253 
100 28 19 16 -24.906160566073 -24.906160562809 0.000000003038 
100 28 19 16 -24.906141756190 -24.906141753958 0.000000002247 
100 28 19 16 -24.906132858687 -24.906132857098 0.000000001694 
100 28 19 16 -24.906128654849 -24.906128654290 0.000000001110 
100 28 19 16 -24.906126649064 -24.906126648197 0.000000000988 
100 28 19 16 -24.906125661710 -24.906125661055 0.000000000760 
