225 65 37 32 -75.366302173373 -75.366191766745 0.000025057740 
225 65 37 32 -75.705225880448 -75.705193744177 0.000010134528 
225 65 37 32 -75.728128723562 -75.728119730669 0.000004852526 
225 65 37 32 -75.665561063469 -75.665434240684 0.000055119124 
225 65 37 32 -75.591018544710 -75.590972948207 0.000047286482 
225 65 37 32 -75.531148664800 -75.531139957111 0.000006073131 
225 65 37 32 -75.493443965210 -75.493398249536 0.000045707214 
225 65 37 32 -75.474135559249 -75.474111617085 0.000016900553 
225 65 37 32 -75.465483890451 -75.465463650979 0.000011591535 
225 65 37 32 -75.461761178682 -75.461750109844 0.000008226759 
225 65 37 32 -75.460147217054 -75.460146565556 0.000000468975 
225 65 37 32 -75.459440097017 -75.459439984130 0.000000080835 
225 65 37 32 -75.459130265115 -75.459130245685 0.000000013836 
225 65 37 32 -75.458995513461 -75.458995510142 0.000000002349 
