25 11 8 8 -98.649258639287 -98.649258639287 0.000000000000 
25 11 8 8 -99.369835939297 -99.369835939297 0.000000000000 
25 11 8 8 -99.522299946425 -99.522299946425 0.000000000000 
25 11 8 8 -99.524178552508 -99.524178552508 0.000000000000 
25 11 8 8 -99.487331060921 -99.487331060921 0.000000000000 
25 11 8 8 -99.448348882497 -99.448348882497 0.000000000000 
25 11 8 8 -99.419398692063 -99.419398692063 0.000000000000 
25 11 8 8 -99.401822043463 -99.401822043463 0.000000000000 
25 11 8 8 -99.392517558481 -99.392517558481 0.000000000000 
25 11 8 8 -99.388001691765 -99.388001691765 0.000000000000 
25 11 8 8 -99.385920684444 -99.385920684444 0.000000000000 
25 11 8 8 -99.384992717747 -99.384992717747 0.000000000000 
25 11 8 8 -99.384588757991 -99.384588757991 0.000000000000 
25 11 8 8 -99.384416257109 -99.384416257109 0.000000000000 
25 11 8 8 -99.384343673242 -99.384343673242 0.000000000000 
25 11 8 8 -99.384313424355 -99.384313424355 0.000000000000 
25 11 8 8 -99.384300877839 -99.384300877839 0.000000000000 
25 11 8 8 -99.384295682914 -99.384295682914 0.000000000000 
25 11 8 8 -99.384293536103 -99.384293536103 0.000000000000 
25 11 8 8 -99.384292653786 -99.384292653786 0.000000000000 
25 11 8 8 -99.384292295350 -99.384292295350 0.000000000000 
