225 69 41 64 -15.045852788940 -15.045852788940 
225 69 41 64 -15.534728377783 -15.534728377783 
225 69 41 64 -15.716509910086 -15.716509910086 
225 69 41 64 -15.759358740523 -15.759358740523 
225 69 41 64 -15.738889380648 -15.738889380648 
225 69 41 64 -15.691299545622 -15.691299545622 
225 69 41 64 -15.635560770673 -15.635560770673 
225 69 41 64 -15.582794157048 -15.582794157048 
225 69 41 64 -15.540439803580 -15.540439803580 
225 69 41 64 -15.513514501910 -15.513514501910 
225 69 41 64 -15.501616492772 -15.501616492772 
225 69 41 64 -15.498054681628 -15.498054681628 
225 69 41 64 -15.497353828745 -15.497353828745 
225 69 41 64 -15.497386670250 -15.497386670250 
225 69 41 64 -15.497537385205 -15.497537385205 
225 69 41 64 -15.497660753514 -15.497660753514 
225 69 41 64 -15.497739942409 -15.497739942409 
225 69 41 64 -15.497786005147 -15.497786005147 
225 69 41 64 -15.497811389613 -15.497811389613 
225 69 41 64 -15.497824872034 -15.497824872034 
