225 65 37 64 -75.366302173373 -75.366302173373 
225 65 37 64 -75.705225880448 -75.705225880448 
225 65 37 64 -75.728128723562 -75.728128723562 
225 65 37 64 -75.665561063469 -75.665561063469 
225 65 37 64 -75.591018544710 -75.591018544710 
225 65 37 64 -75.531148664800 -75.531148664800 
225 65 37 64 -75.493443965210 -75.493443965210 
225 65 37 64 -75.474135559249 -75.474135559249 
225 65 37 64 -75.465483890451 -75.465483890451 
225 65 37 64 -75.461761178682 -75.461761178682 
225 65 37 64 -75.460147217054 -75.460147217054 
225 65 37 64 -75.459440097017 -75.459440097017 
225 65 37 64 -75.459130265115 -75.459130265115 
225 65 37 64 -75.458995513461 -75.458995513461 
